1416043270
1409128296
341963408
281562465
252363571
236747130
220051512
168697184
140820810
130739927
123201945
118550298
118277063
115403027
111247248
105758975
88386937
84119531
84119100
69920998
68459055
68374591
67462121
60964931
60442647
58246378
57527139
52081799
50467278
49588357
49283041
47280433
47022473
46994384
42083436
40121552
38794813
38746310
37387585
37202061
36544431
36520593
35661826
34589092
34564810
33350954
32600249
32140443
31250306
31122387
30966105
29981758
29452714
26768598
26342784
26298666
23865423
23595274
23042199
21990607
21982608
21763309
20799116
20260006
19093595
18847519
18664652
18309984
18255216
18148155
17772378
17150352
17063669
14697052
13986179
13623302
13590102
13017273
12703714
12311974
12048847
11977634
11753943
11174024
10966038
10837890
10815857
10650239
10589835
10461091
10394063
10207177
10046233
10032213
9855745
9529188
9501451
9402617
9121049
8967982
8917994
8860574
7953556
7522549
7361263
7297821
6782659
6676948
6652212
6628702
6343956
6172101
6097665
6028459
5973136
5744151
5650957
5626414
5563649
5509733
5437249
5364482
5265575
5233461
5161211
4900961
4470241
4328040
4150116
3901992
3798671
3599528
3425330
3281676
3243369
3138355
3107100
3019450
2976765
2823713
2803660
2628186
2552088
2523327
2455105
2450668
2227548
2141643
2135622
2132325
2097893
1977093
1801246
1795834
1566888
1506909
1408966
1320525
1310504
1193791
1138089
994974
951611
900141
884546
794099
726799
671254
646758
644426
611014
599849
491900
469730
415789
410862
388858
364036
318007
304167
304139
303540
223561
208853
169532
168038
153289
125063
116545
114621
104889
104377
103387
102634
100647
99603
98187
92269
85370
82011
74661
72800
67787
66653
60439
57751
55133
52933
51118
46215
43895
40272
40102
35095
32996
31813
29683
21864
19416
15964
11733
9892
7943
7761
7086
5468
5132
3662
2926
2000
1748
1692
1647
1440
1000
593
50